function [phi,Ex,Ey,Ez,Psixx,Psixy,Psixz,Psiyy,Psiyz,Psizz] = potDeriv_baseEl_ab_optim(x,y,z)
%POTDERIV_BASEEL_AB_OPTIM
%    [PHI,EX,EY,EZ,PSIXX,PSIXY,PSIXZ,PSIYY,PSIYZ,PSIZZ] = POTDERIV_BASEEL_AB_OPTIM(X,Y,Z)

%    This function was generated by the Symbolic Math Toolbox version 8.4.
%    10-Dec-2019 14:48:38

t2 = x.*2.0;
t3 = x.*4.0;
t4 = y.*2.0;
t5 = y.*4.0;
t6 = y.^2;
t7 = z.^2;
t8 = x.*8.0;
t9 = x.*1.6e+1;
t10 = x.*3.2e+1;
t11 = y.*3.2e+1;
t12 = 1.0./z;
t16 = y.*5.363560831225141e-4;
t17 = x.*3.183098861837907e-1;
t19 = y+6.704451039031426e-5;
t20 = y-6.704451039031426e-5;
t21 = x-3.669355719931725e-5;
t22 = y.*4.93548457594538e-4;
t23 = y.*2.88982029130762e-4;
t24 = y.*5.839999940767301e-4;
t25 = y.*4.532440791905661e-4;
t26 = y.*2.49620802510244e-4;
t30 = y.*3.83564449636188e-4;
t31 = y.*2.15331757583286e-4;
t32 = y.*3.40960430119238e-4;
t33 = y.*4.1557009232213e-4;
t35 = y+6.169355719931725e-5;
t37 = y+3.612275364134525e-5;
t39 = y+7.299999925959126e-5;
t41 = y+5.665550989882076e-5;
t43 = y+3.12026003137805e-5;
t48 = y+4.79455562045235e-5;
t55 = y+2.691646969791075e-5;
t57 = y+4.262005376490475e-5;
t59 = y+5.194626154026625e-5;
t62 = y-6.169355719931725e-5;
t67 = y-3.612275364134525e-5;
t68 = x-4.204451039031425e-5;
t69 = x-4.799999925959126e-5;
t70 = y-7.299999925959126e-5;
t71 = y-5.665550989882076e-5;
t72 = y-3.12026003137805e-5;
t73 = x-2.29455562045235e-5;
t79 = y-4.79455562045235e-5;
t81 = x-1.91646969791075e-6;
t85 = y-2.691646969791075e-5;
t88 = x-1.762005376490475e-5;
t89 = y-4.262005376490475e-5;
t90 = y-5.194626154026625e-5;
t94 = x-2.694626154026625e-5;
t95 = x-3.165550989882076e-5;
t112 = x-1.112275364134525e-5;
t120 = x-6.202600313780499e-6;
t13 = t5.*y;
t14 = t7.*4.0;
t15 = t7.*8.0;
t18 = -t16;
t27 = t4+1.340890207806285e-4;
t28 = t5+2.68178041561257e-4;
t29 = t11+2.145424332490056e-3;
t34 = -t22;
t36 = -t23;
t38 = -t24;
t40 = -t25;
t42 = -t26;
t44 = t4-1.340890207806285e-4;
t45 = t5-2.68178041561257e-4;
t46 = t11-2.145424332490056e-3;
t47 = -t30;
t49 = t2-7.338711439863451e-5;
t50 = t3-1.46774228797269e-4;
t51 = t9-5.870969151890761e-4;
t52 = t10-1.174193830378152e-3;
t53 = t21.^2;
t54 = -t31;
t56 = -t32;
t58 = -t33;
t60 = t5+1.07665878791643e-4;
t61 = t11+8.61327030333144e-4;
t63 = t5+1.70480215059619e-4;
t64 = t11+1.363841720476952e-3;
t65 = t5+2.07785046161065e-4;
t66 = t11+1.66228036928852e-3;
t74 = t4+1.233871143986345e-4;
t75 = t5+2.46774228797269e-4;
t76 = t11+1.974193830378152e-3;
t77 = t5+1.44491014565381e-4;
t78 = t11+1.155928116523048e-3;
t80 = t8-2.93548457594538e-4;
t82 = t4+1.459999985191825e-4;
t83 = t5+2.91999997038365e-4;
t84 = t11+2.33599997630692e-3;
t86 = t5+2.26622039595283e-4;
t87 = t11+1.812976316762264e-3;
t91 = t4+6.2405200627561e-5;
t92 = t5+1.24810401255122e-4;
t93 = t11+9.98483210040976e-4;
t96 = t5+1.91782224818094e-4;
t97 = t11+1.534257798544752e-3;
t98 = t4+5.38329393958215e-5;
t99 = t5-1.07665878791643e-4;
t100 = t11-8.61327030333144e-4;
t101 = t4+8.52401075298095e-5;
t102 = t5-1.70480215059619e-4;
t103 = t11-1.363841720476952e-3;
t104 = t4+1.038925230805325e-4;
t105 = t5-2.07785046161065e-4;
t106 = t11-1.66228036928852e-3;
t107 = t3-1.26622039595283e-4;
t108 = t10-1.012976316762264e-3;
t109 = t4-1.233871143986345e-4;
t110 = t5-2.46774228797269e-4;
t111 = t11-1.974193830378152e-3;
t113 = t4+7.22455072826905e-5;
t114 = t5-1.44491014565381e-4;
t115 = t11-1.155928116523048e-3;
t116 = t3-1.68178041561257e-4;
t117 = t10-1.345424332490056e-3;
t118 = t3-1.91999997038365e-4;
t119 = t10-1.53599997630692e-3;
t121 = t4-1.459999985191825e-4;
t122 = t5-2.91999997038365e-4;
t123 = t11-2.33599997630692e-3;
t124 = t4+1.133110197976415e-4;
t125 = t5-2.26622039595283e-4;
t126 = t11-1.812976316762264e-3;
t127 = t4-6.2405200627561e-5;
t128 = t5-1.24810401255122e-4;
t129 = t11-9.98483210040976e-4;
t130 = t4+9.5891112409047e-5;
t131 = t5-1.91782224818094e-4;
t132 = t11-1.534257798544752e-3;
t134 = t3-2.4810401255122e-5;
t135 = t10-1.98483210040976e-4;
t136 = t2-3.8329393958215e-6;
t137 = t3-7.665878791643e-6;
t138 = t8-1.5331757583286e-5;
t139 = t9-3.0663515166572e-5;
t140 = t10-6.1327030333144e-5;
t141 = t81.^2;
t142 = t4-5.38329393958215e-5;
t143 = t2-3.524010752980949e-5;
t144 = t3-7.048021505961899e-5;
t145 = t8-1.40960430119238e-4;
t146 = t9-2.81920860238476e-4;
t147 = t10-5.638417204769519e-4;
t148 = t88.^2;
t149 = t4-8.52401075298095e-5;
t150 = t4-1.038925230805325e-4;
t151 = t2-5.38925230805325e-5;
t152 = t3-1.07785046161065e-4;
t153 = t8-2.1557009232213e-4;
t154 = t9-4.3114018464426e-4;
t155 = t10-8.6228036928852e-4;
t156 = t94.^2;
t157 = t2-6.331101979764152e-5;
t158 = t8-2.532440791905661e-4;
t159 = t9-5.064881583811321e-4;
t160 = t95.^2;
t161 = t4-7.22455072826905e-5;
t162 = t2-8.408902078062851e-5;
t163 = t8-3.36356083122514e-4;
t164 = t9-6.727121662450281e-4;
t165 = t68.^2;
t166 = t2-9.599999851918251e-5;
t167 = t8-3.839999940767301e-4;
t168 = t9-7.679999881534601e-4;
t169 = t69.^2;
t170 = t4-1.133110197976415e-4;
t171 = t2-4.5891112409047e-5;
t172 = t3-9.1782224818094e-5;
t173 = t8-1.83564449636188e-4;
t174 = t9-3.67128899272376e-4;
t175 = t10-7.34257798544752e-4;
t176 = t73.^2;
t177 = t2-2.22455072826905e-5;
t178 = t3-4.4491014565381e-5;
t179 = t9-1.77964058261524e-4;
t180 = t10-3.55928116523048e-4;
t181 = t4-9.5891112409047e-5;
t182 = t2-1.2405200627561e-5;
t183 = t8-4.962080251024399e-5;
t184 = t9-9.924160502048798e-5;
t185 = t120.^2;
t186 = t8-8.898202913076201e-5;
t187 = t112.^2;
t133 = t53.*4.0;
t188 = t7+t53;
t189 = t169.*4.0;
t190 = t176.*4.0;
t191 = t141.*4.0;
t192 = t148.*4.0;
t193 = t156.*4.0;
t194 = t160.*4.0;
t195 = t165.*4.0;
t196 = t187.*4.0;
t197 = t185.*4.0;
t198 = t7+t176;
t201 = t7+t141;
t202 = t7+t148;
t203 = t7+t156;
t204 = t7+t160;
t205 = t7+t165;
t206 = t7+t169;
t207 = t7+t187;
t208 = t7+t185;
